0.0 124.0 278.0 214.0 292.0 191.0 349.0 298.0 361.0 421.0 135.0 383.0 370.0 340.0 161.0 117.0 64.0 144.0 
124.0 0.0 255.0 320.0 282.0 242.0 440.0 324.0 403.0 408.0 122.0 457.0 253.0 255.0 282.0 222.0 113.0 250.0 
278.0 255.0 0.0 304.0 36.0 153.0 342.0 122.0 205.0 153.0 148.0 309.0 290.0 161.0 340.0 259.0 214.0 269.0 
214.0 320.0 304.0 0.0 291.0 151.0 143.0 233.0 242.0 386.0 244.0 202.0 525.0 441.0 91.0 99.0 208.0 71.0 
292.0 282.0 36.0 291.0 0.0 143.0 316.0 89.0 170.0 130.0 168.0 277.0 326.0 194.0 336.0 258.0 228.0 264.0 
191.0 242.0 153.0 151.0 143.0 0.0 216.0 112.0 170.0 255.0 128.0 216.0 394.0 294.0 194.0 120.0 141.0 122.0 
349.0 440.0 342.0 143.0 316.0 216.0 0.0 231.0 187.0 365.0 341.0 85.0 609.0 500.0 231.0 233.0 328.0 206.0 
298.0 324.0 122.0 233.0 89.0 112.0 231.0 0.0 86.0 153.0 202.0 188.0 410.0 283.0 297.0 230.0 242.0 227.0 
361.0 403.0 205.0 242.0 170.0 170.0 187.0 86.0 0.0 180.0 282.0 120.0 495.0 364.0 322.0 272.0 311.0 260.0 
421.0 408.0 153.0 386.0 130.0 255.0 365.0 153.0 180.0 0.0 297.0 300.0 398.0 255.0 447.0 375.0 358.0 375.0 
135.0 122.0 148.0 244.0 168.0 128.0 341.0 202.0 282.0 297.0 0.0 344.0 282.0 216.0 240.0 160.0 72.0 182.0 
383.0 457.0 309.0 202.0 277.0 216.0 85.0 188.0 120.0 300.0 344.0 0.0 592.0 470.0 293.0 273.0 349.0 251.0 
370.0 253.0 290.0 525.0 326.0 394.0 609.0 410.0 495.0 398.0 282.0 592.0 0.0 143.0 515.0 439.0 332.0 463.0 
340.0 255.0 161.0 441.0 194.0 294.0 500.0 283.0 364.0 255.0 216.0 470.0 143.0 0.0 454.0 372.0 285.0 391.0 
161.0 282.0 340.0 91.0 336.0 194.0 231.0 297.0 322.0 447.0 240.0 293.0 515.0 454.0 0.0 82.0 182.0 72.0 
117.0 222.0 259.0 99.0 258.0 120.0 233.0 230.0 272.0 375.0 160.0 273.0 439.0 372.0 82.0 0.0 112.0 28.0 
64.0 113.0 214.0 208.0 228.0 141.0 328.0 242.0 311.0 358.0 72.0 349.0 332.0 285.0 182.0 112.0 0.0 139.0 
144.0 250.0 269.0 71.0 264.0 122.0 206.0 227.0 260.0 375.0 182.0 251.0 463.0 391.0 72.0 28.0 139.0 0.0 



Distancia Ponto x Cliente

414.0 212.0 228.0 272.0 417.0 396.0 388.0 397.0 389.0 380.0 122.0 130.0 50.0 132.0 408.0 301.0 253.0 316.0 311.0 332.0 318.0 342.0 257.0 247.0 327.0 318.0 292.0 311.0 244.0 269.0 320.0 323.0 292.0 300.0 216.0 284.0 152.0 126.0 439.0 198.0 
350.0 182.0 180.0 215.0 371.0 349.0 364.0 374.0 344.0 354.0 139.0 166.0 100.0 189.0 342.0 345.0 291.0 385.0 354.0 408.0 389.0 417.0 286.0 277.0 330.0 311.0 282.0 294.0 263.0 281.0 330.0 330.0 237.0 242.0 162.0 233.0 180.0 170.0 394.0 180.0 
163.0 73.0 81.0 78.0 144.0 125.0 112.0 121.0 117.0 103.0 156.0 156.0 230.0 175.0 161.0 170.0 133.0 247.0 175.0 279.0 256.0 282.0 114.0 112.0 89.0 63.0 36.0 40.0 91.0 76.0 100.0 94.0 72.0 81.0 100.0 64.0 136.0 164.0 164.0 81.0 
467.0 281.0 311.0 350.0 440.0 424.0 381.0 385.0 415.0 377.0 212.0 187.0 220.0 155.0 465.0 198.0 188.0 157.0 205.0 155.0 152.0 165.0 206.0 202.0 291.0 301.0 291.0 313.0 218.0 244.0 273.0 282.0 360.0 370.0 314.0 350.0 192.0 177.0 455.0 261.0 
180.0 100.0 114.0 114.0 149.0 133.0 99.0 106.0 124.0 92.0 170.0 164.0 246.0 177.0 180.0 139.0 110.0 218.0 143.0 250.0 228.0 253.0 90.0 91.0 54.0 30.0 0.0 22.0 73.0 50.0 64.0 58.0 106.0 114.0 133.0 99.0 142.0 170.0 166.0 102.0 
316.0 136.0 168.0 202.0 292.0 275.0 239.0 244.0 266.0 233.0 103.0 76.0 161.0 60.0 314.0 110.0 63.0 144.0 120.0 170.0 150.0 178.0 72.0 64.0 156.0 158.0 143.0 166.0 72.0 100.0 142.0 149.0 210.0 220.0 175.0 200.0 64.0 73.0 309.0 117.0 
494.0 349.0 380.0 409.0 450.0 441.0 380.0 381.0 431.0 380.0 311.0 283.0 344.0 255.0 495.0 180.0 209.0 100.0 180.0 71.0 90.0 73.0 228.0 231.0 290.0 311.0 316.0 334.0 253.0 267.0 270.0 280.0 411.0 421.0 389.0 402.0 278.0 276.0 460.0 331.0 
263.0 161.0 186.0 198.0 220.0 210.0 153.0 155.0 200.0 151.0 190.0 171.0 262.0 168.0 265.0 51.0 50.0 132.0 54.0 163.0 141.0 165.0 41.0 51.0 61.0 81.0 89.0 104.0 61.0 50.0 41.0 51.0 194.0 202.0 202.0 186.0 150.0 173.0 232.0 152.0 
329.0 247.0 272.0 283.0 277.0 272.0 204.0 202.0 262.0 206.0 265.0 242.0 331.0 230.0 332.0 60.0 112.0 94.0 50.0 117.0 103.0 114.0 117.0 126.0 125.0 153.0 170.0 180.0 143.0 136.0 108.0 117.0 277.0 284.0 288.0 269.0 224.0 241.0 283.0 237.0 
177.0 226.0 231.0 211.0 114.0 120.0 54.0 45.0 114.0 63.0 300.0 292.0 376.0 300.0 184.0 193.0 200.0 267.0 190.0 294.0 277.0 293.0 184.0 191.0 99.0 103.0 130.0 114.0 184.0 156.0 114.0 106.0 192.0 194.0 251.0 191.0 269.0 297.0 112.0 231.0 
280.0 78.0 94.0 139.0 283.0 262.0 259.0 268.0 255.0 251.0 32.0 58.0 85.0 89.0 275.0 225.0 171.0 272.0 234.0 298.0 278.0 306.0 165.0 155.0 212.0 196.0 168.0 184.0 141.0 160.0 210.0 211.0 158.0 166.0 85.0 150.0 64.0 67.0 305.0 67.0 
446.0 333.0 362.0 383.0 396.0 391.0 324.0 322.0 381.0 326.0 319.0 292.0 368.0 268.0 449.0 139.0 184.0 72.0 134.0 51.0 67.0 41.0 200.0 206.0 240.0 266.0 277.0 292.0 228.0 233.0 221.0 231.0 381.0 389.0 375.0 372.0 280.0 287.0 403.0 318.0 
243.0 261.0 230.0 212.0 301.0 285.0 344.0 353.0 288.0 335.0 313.0 338.0 331.0 370.0 233.0 455.0 408.0 524.0 461.0 555.0 533.0 560.0 392.0 386.0 376.0 348.0 326.0 320.0 364.0 361.0 389.0 383.0 220.0 214.0 220.0 227.0 336.0 348.0 318.0 278.0 
112.0 160.0 130.0 92.0 161.0 143.0 201.0 210.0 146.0 192.0 243.0 261.0 292.0 290.0 102.0 331.0 292.0 407.0 336.0 439.0 416.0 443.0 273.0 269.0 241.0 213.0 194.0 184.0 247.0 237.0 256.0 248.0 89.0 81.0 132.0 98.0 250.0 271.0 180.0 180.0 
500.0 298.0 326.0 369.0 483.0 465.0 433.0 438.0 456.0 427.0 211.0 194.0 187.0 168.0 496.0 272.0 248.0 244.0 280.0 245.0 240.0 255.0 262.0 256.0 348.0 352.0 336.0 358.0 266.0 294.0 333.0 341.0 383.0 393.0 322.0 374.0 209.0 184.0 501.0 279.0 
418.0 216.0 243.0 286.0 403.0 385.0 356.0 362.0 376.0 350.0 130.0 112.0 122.0 85.0 414.0 215.0 180.0 210.0 225.0 222.0 210.0 232.0 192.0 184.0 276.0 277.0 258.0 280.0 191.0 219.0 262.0 269.0 301.0 310.0 241.0 291.0 126.0 102.0 422.0 196.0 
352.0 149.0 166.0 211.0 354.0 332.0 324.0 333.0 325.0 316.0 58.0 71.0 20.0 82.0 347.0 251.0 200.0 279.0 261.0 300.0 282.0 309.0 201.0 191.0 266.0 255.0 228.0 247.0 184.0 209.0 260.0 262.0 230.0 239.0 157.0 222.0 92.0 70.0 375.0 135.0 
430.0 232.0 261.0 303.0 411.0 394.0 361.0 366.0 385.0 355.0 151.0 130.0 150.0 100.0 427.0 206.0 177.0 191.0 215.0 200.0 190.0 210.0 191.0 184.0 277.0 280.0 264.0 287.0 194.0 222.0 262.0 269.0 316.0 326.0 260.0 306.0 141.0 120.0 429.0 212.0 
